0   120 91  0   0   0   0   0   0   0   0   0   0   0   0   0   0   0   0
120 0   85  184 0   0   0   0   0   0   0   0   0   0   0   0   0   0   0
91  85  0   0   191 0   0   0   0   0   0   0   0   0   0   0   0   0   0
0   184 0   0   0   55  0   115 0   0   0   0   0   0   0   0   0   0   0
0   0   191 0   0   0   67  0   67  0   0   0   0   0   0   0   0   0   0
0   0   0   55  0   0   107 123 0   183 0   171 0   0   0   0   0   0   0
0   0   0   0   64  107 0   0   0   140 0   0   0   0   0   0   0   0   0
0   0   0   115 0   123 0   0   0   0   0   170 0   189 0   0   59  0   0
0   0   0   0   67  0   0   0   0   0   85  0  230  0   0   0   0   0   0
0   0   0   0   0   183 140 0   0   0   111 104 0   0   0   0   0   0   0
0   0   0   0   0   0   0   0   85  111 0   0   0   0   0   0   0   0   0
0   0   0   0   0   171 0   170 230 104 0   0   75  220 0   0   0   0   0
0   0   0   0   0   0   0   0   0   0   0   75  0   0   0   0   0   0   0
0   0   0   0   0   0   0   189 0   0   0   220 0   0   102 0   0   0   0
0   0   0   0   0   0   0   0   0   0   0   0   0   102 0   126 0   0   0
0   0   0   0   0   0   0   0   0   0   0   0   0   0   126 0   81  0   0
0   0   0   0   0   0   0   59  0   0   0   0   0   0   0   81  0   93  0
0   0   0   0   0   0   0   0   0   0   0   0   0   0   0   0   93  0   73
0   0   0   0   0   0   0   0   0   0   0   0   0   0   0   0   0   73  0
